xof 0303txt 0032
template ColorRGBA {
 <35ff44e0-6c7c-11cf-8f52-0040333594a3>
 FLOAT red;
 FLOAT green;
 FLOAT blue;
 FLOAT alpha;
}

template ColorRGB {
 <d3e16e81-7835-11cf-8f52-0040333594a3>
 FLOAT red;
 FLOAT green;
 FLOAT blue;
}

template Material {
 <3d82ab4d-62da-11cf-ab39-0020af71e433>
 ColorRGBA faceColor;
 FLOAT power;
 ColorRGB specularColor;
 ColorRGB emissiveColor;
 [...]
}

template TextureFilename {
 <a42790e1-7810-11cf-8f52-0040333594a3>
 STRING filename;
}

template Frame {
 <3d82ab46-62da-11cf-ab39-0020af71e433>
 [...]
}

template Matrix4x4 {
 <f6f23f45-7686-11cf-8f52-0040333594a3>
 array FLOAT matrix[16];
}

template FrameTransformMatrix {
 <f6f23f41-7686-11cf-8f52-0040333594a3>
 Matrix4x4 frameMatrix;
}

template Vector {
 <3d82ab5e-62da-11cf-ab39-0020af71e433>
 FLOAT x;
 FLOAT y;
 FLOAT z;
}

template MeshFace {
 <3d82ab5f-62da-11cf-ab39-0020af71e433>
 DWORD nFaceVertexIndices;
 array DWORD faceVertexIndices[nFaceVertexIndices];
}

template Mesh {
 <3d82ab44-62da-11cf-ab39-0020af71e433>
 DWORD nVertices;
 array Vector vertices[nVertices];
 DWORD nFaces;
 array MeshFace faces[nFaces];
 [...]
}

template MeshNormals {
 <f6f23f43-7686-11cf-8f52-0040333594a3>
 DWORD nNormals;
 array Vector normals[nNormals];
 DWORD nFaceNormals;
 array MeshFace faceNormals[nFaceNormals];
}

template MeshMaterialList {
 <f6f23f42-7686-11cf-8f52-0040333594a3>
 DWORD nMaterials;
 DWORD nFaceIndexes;
 array DWORD faceIndexes[nFaceIndexes];
 [Material <3d82ab4d-62da-11cf-ab39-0020af71e433>]
}

template Coords2d {
 <f6f23f44-7686-11cf-8f52-0040333594a3>
 FLOAT u;
 FLOAT v;
}

template MeshTextureCoords {
 <f6f23f40-7686-11cf-8f52-0040333594a3>
 DWORD nTextureCoords;
 array Coords2d textureCoords[nTextureCoords];
}

template XSkinMeshHeader {
 <3cf169ce-ff7c-44ab-93c0-f78f62d172e2>
 WORD nMaxSkinWeightsPerVertex;
 WORD nMaxSkinWeightsPerFace;
 WORD nBones;
}

template SkinWeights {
 <6f0d123b-bad2-4167-a0d0-80224f25fabb>
 STRING transformNodeName;
 DWORD nWeights;
 array DWORD vertexIndices[nWeights];
 array FLOAT weights[nWeights];
 Matrix4x4 matrixOffset;
}

template AnimTicksPerSecond {
 <9e415a43-7ba6-4a73-8743-b73d47e88476>
 DWORD AnimTicksPerSecond;
}

template Animation {
 <3d82ab4f-62da-11cf-ab39-0020af71e433>
 [...]
}

template AnimationSet {
 <3d82ab50-62da-11cf-ab39-0020af71e433>
 [Animation <3d82ab4f-62da-11cf-ab39-0020af71e433>]
}

template FloatKeys {
 <10dd46a9-775b-11cf-8f52-0040333594a3>
 DWORD nValues;
 array FLOAT values[nValues];
}

template TimedFloatKeys {
 <f406b180-7b3b-11cf-8f52-0040333594a3>
 DWORD time;
 FloatKeys tfkeys;
}

template AnimationKey {
 <10dd46a8-775b-11cf-8f52-0040333594a3>
 DWORD keyType;
 DWORD nKeys;
 array TimedFloatKeys keys[nKeys];
}


Material kaito_rifa_2_kaito_T2 {
 1.000000;1.000000;1.000000;1.000000;;
 0.000000;
 0.000000;0.000000;0.000000;;
 0.000000;0.000000;0.000000;;

 TextureFilename {
  "kaito_T2.png";
 }
}

Material kaito_rifa_2_kaito_T1 {
 1.000000;1.000000;1.000000;1.000000;;
 0.000000;
 0.000000;0.000000;0.000000;;
 0.000000;0.000000;0.000000;;

 TextureFilename {
  "kaito_T.png";
 }
}

Material kaito_rifa_2_lambert5 {
 1.000000;1.000000;1.000000;1.000000;;
 0.000000;
 0.900000;0.900000;1.000000;;
 0.000000;0.000000;0.000000;;

 TextureFilename {
  "sword.png";
 }
}

Frame kaito_taiki {
 

 FrameTransformMatrix {
  1.000000,0.000000,0.000000,0.000000,0.000000,1.000000,0.000000,0.000000,0.000000,0.000000,1.000000,0.000000,0.000000,0.000000,0.000000,1.000000;;
 }

 Frame kaito_rifa_2_kosi {
  

  FrameTransformMatrix {
   0.000000,0.386425,-0.075338,0.000000,0.384499,-0.016193,-0.083059,0.000000,-0.084623,-0.073577,-0.377393,0.000000,0.002980,4.666135,-0.372719,1.000000;;
  }

  Frame kaito_rifa_2_L_asi_1 {
   

   FrameTransformMatrix {
    -0.956629,-0.240980,0.163675,0.000000,0.229222,-0.969427,-0.087566,0.000000,0.179772,-0.046251,0.982620,0.000000,-0.580043,-1.123945,-0.139481,1.000000;;
   }

   Frame kaito_rifa_2_L_asi_2 {
    

    FrameTransformMatrix {
     0.733252,-0.008784,-0.679901,0.000000,0.006622,0.999961,-0.005778,0.000000,0.679925,-0.000266,0.733281,0.000000,5.900456,0.000000,-0.190683,1.000000;;
    }

    Frame kaito_rifa_2_L_asi_3 {
     

     FrameTransformMatrix {
      0.957148,-0.117852,0.264536,0.000000,0.119817,0.992757,0.008754,0.000000,-0.263652,0.023317,0.964336,0.000000,5.333007,0.000000,-0.396035,1.000000;;
     }

     Frame kaito_rifa_2_L_asi_4 {
      

      FrameTransformMatrix {
       0.886994,-0.002637,0.461775,0.000000,0.003667,0.999992,-0.001334,0.000000,-0.461767,0.002877,0.886996,0.000000,1.037554,0.000001,2.038387,1.000000;;
      }
     }
    }
   }
  }

  Frame kaito_rifa_2_R_asi_1 {
   

   FrameTransformMatrix {
    0.662543,-0.196787,-0.722712,0.000000,-0.104758,-0.979732,0.170734,0.000000,-0.741662,-0.037408,-0.669730,0.000000,-0.580041,1.123949,-0.139481,1.000000;;
   }

   Frame kaito_rifa_2_R_asi_2 {
    

    FrameTransformMatrix {
     0.653107,-0.009991,-0.757199,0.000000,0.007184,0.999950,-0.006998,0.000000,0.757231,-0.000870,0.653146,0.000000,-5.900456,0.000000,0.190683,1.000000;;
    }

    Frame kaito_rifa_2_R_asi_3 {
     

     FrameTransformMatrix {
      0.974966,-0.080313,0.207342,0.000000,0.092610,0.994432,-0.050283,0.000000,-0.202150,0.068226,0.976975,0.000000,-5.333011,0.000006,0.396034,1.000000;;
     }

     Frame kaito_rifa_2_R_asi_4 {
      

      FrameTransformMatrix {
       1.000000,0.000000,0.000000,0.000000,0.000000,1.000000,0.000000,0.000000,0.000000,0.000000,1.000000,0.000000,-1.037553,-0.000003,-2.038386,1.000000;;
      }
     }
    }
   }
  }

  Frame kaito_rifa_2_onaka {
   

   FrameTransformMatrix {
    0.945199,0.131012,0.299057,0.000000,-0.124909,0.991381,-0.039521,0.000000,-0.301657,-0.000000,0.953416,0.000000,1.961658,-0.000000,0.337363,1.000000;;
   }

   Frame kaito_rifa_2_mune {
    

    FrameTransformMatrix {
     0.042103,0.888918,-0.456127,0.000000,-0.995767,-0.000000,-0.091914,0.000000,-0.081704,0.458066,0.885155,0.000000,3.331119,0.000000,-0.322696,1.000000;;
    }

    Frame kaito_rifa_2_kubi {
     

     FrameTransformMatrix {
      0.100048,-0.888635,-0.447571,0.000000,0.979893,0.009955,0.199275,0.000000,-0.172627,-0.458508,0.871763,0.000000,0.012436,-1.788679,0.205353,1.000000;;
     }

     Frame kaito_rifa_2_atama {
      

      FrameTransformMatrix {
       -0.000000,1.000000,-0.000000,0.000000,0.000000,-0.000000,1.000000,0.000000,1.000000,0.000000,-0.000000,0.000000,3.246710,0.000000,0.000000,1.000000;;
      }
     }
    }

    Frame kaito_rifa_2_R_ude_1 {
     

     FrameTransformMatrix {
      -0.138232,-0.947753,0.287501,0.000000,0.721884,-0.295159,-0.625911,0.000000,0.678067,0.121021,0.724968,0.000000,2.230460,-0.792715,-0.313051,1.000000;;
     }

     Frame kaito_rifa_2_R_ude_2 {
      

      FrameTransformMatrix {
       0.633352,0.000025,-0.773864,0.000000,-0.000024,1.000000,0.000014,0.000000,0.773864,0.000010,0.633352,0.000000,-3.866252,0.000001,-0.000000,1.000000;;
      }

      Frame kaito_rifa_2_R_ude_3 {
       

       FrameTransformMatrix {
        -0.958781,0.275576,-0.069256,0.000000,0.009673,-0.211936,-0.977236,0.000000,-0.283981,-0.937625,0.200534,0.000000,-3.097813,-0.000058,0.000516,1.000000;;
       }

       Frame kaito_rifa_2_R_yubi_1_1 {
        

        FrameTransformMatrix {
         0.724801,0.296933,0.621687,0.000000,0.679575,-0.456547,-0.574232,0.000000,0.113321,0.838687,-0.532694,0.000000,0.610744,-0.077600,0.423679,1.000000;;
        }

        Frame kaito_rifa_2_R_yubi_1_2 {
         

         FrameTransformMatrix {
          0.855393,0.241628,0.458170,0.000000,0.298588,0.492764,-0.817330,0.000000,-0.423260,0.835942,0.349360,0.000000,0.301359,0.050076,0.068120,1.000000;;
         }

         Frame kaito_rifa_2_R_yubi_1_3 {
          

          FrameTransformMatrix {
           0.789092,0.091630,0.607402,0.000000,0.107689,0.952863,-0.283647,0.000000,-0.604761,0.289234,0.742029,0.000000,0.267643,-0.040095,0.049438,1.000000;;
          }
         }
        }
       }

       Frame kaito_rifa_2_R_yubi_2_1 {
        

        FrameTransformMatrix {
         -0.929570,-0.366605,-0.038725,0.000000,-0.020118,-0.054442,0.998314,0.000000,-0.368095,0.928783,0.043232,0.000000,1.199452,-0.154680,0.220385,1.000000;;
        }

        Frame kaito_rifa_2_R_yubi_2_2 {
         

         FrameTransformMatrix {
          0.931029,0.015785,-0.364605,0.000000,-0.028545,0.999153,-0.029633,0.000000,0.363829,0.037997,0.930691,0.000000,-0.343985,-0.000003,-0.000002,1.000000;;
         }

         Frame kaito_rifa_2_R_yubi_2_3 {
          

          FrameTransformMatrix {
           0.888943,0.022657,-0.457458,0.000000,-0.029242,0.999546,-0.007317,0.000000,0.457084,0.019882,0.889201,0.000000,-0.305731,0.000003,0.019434,1.000000;;
          }
         }
        }
       }

       Frame kaito_rifa_2_R_yubi_3_1 {
        

        FrameTransformMatrix {
         -0.972915,-0.224990,0.053072,0.000000,-0.019049,-0.150776,-0.988385,0.000000,0.230378,-0.962625,0.142406,0.000000,1.178018,-0.173340,-0.008759,1.000000;;
        }

        Frame kaito_rifa_2_R_yubi_3_2 {
         

         FrameTransformMatrix {
          0.644711,0.027760,0.763922,0.000000,-0.143216,0.986032,0.085036,0.000000,-0.750891,-0.164230,0.639681,0.000000,-0.433600,-0.003002,-0.038797,1.000000;;
         }

         Frame kaito_rifa_2_R_yubi_3_3 {
          

          FrameTransformMatrix {
           0.923241,0.126048,0.362956,0.000000,-0.142898,0.989539,0.019838,0.000000,-0.356659,-0.070181,0.931595,0.000000,-0.380881,-0.009786,0.044931,1.000000;;
          }
         }
        }
       }

       Frame kaito_rifa_2_R_yubi_4_1 {
        

        FrameTransformMatrix {
         -0.926517,-0.372425,0.053537,0.000000,0.056884,0.002004,0.998379,0.000000,-0.371929,0.928060,0.019329,0.000000,1.126682,-0.158559,-0.249681,1.000000;;
        }

        Frame kaito_rifa_2_R_yubi_4_2 {
         

         FrameTransformMatrix {
          0.999605,0.013036,-0.024882,0.000000,-0.013221,0.999886,-0.007307,0.000000,0.024783,0.007633,0.999664,0.000000,-0.420913,-0.000001,0.000006,1.000000;;
         }

         Frame kaito_rifa_2_R_yubi_4_3 {
          

          FrameTransformMatrix {
           0.743108,0.009881,-0.669099,0.000000,0.022639,0.998948,0.039895,0.000000,0.668789,-0.044794,0.742102,0.000000,-0.365958,0.000007,0.062853,1.000000;;
          }
         }
        }
       }

       Frame kaito_rifa_2_R_yubi_5_1 {
        

        FrameTransformMatrix {
         -0.963345,-0.263011,0.052834,0.000000,0.099274,-0.166549,0.981023,0.000000,-0.249221,0.950309,0.186554,0.000000,1.105849,-0.097050,-0.472051,1.000000;;
        }

        Frame kaito_rifa_2_R_yubi_5_2 {
         

         FrameTransformMatrix {
          0.902141,0.025938,-0.430662,0.000000,0.058726,0.981519,0.182133,0.000000,0.427426,-0.189600,0.883945,0.000000,-0.293548,-0.025149,0.007369,1.000000;;
         }

         Frame kaito_rifa_2_R_yubi_5_3 {
          

          FrameTransformMatrix {
           0.958358,-0.016994,-0.285063,0.000000,0.014521,0.999836,-0.010784,0.000000,0.285200,0.006196,0.958448,0.000000,-0.242009,-0.032760,0.056642,1.000000;;
          }
         }
        }
       }
      }
     }
    }

    Frame kaito_rifa_2_L_ude_1 {
     

     FrameTransformMatrix {
      -0.209442,0.504145,0.837838,0.000000,0.977016,0.142651,0.158397,0.000000,-0.039663,0.851756,-0.522435,0.000000,-2.230461,-0.792715,-0.313051,1.000000;;
     }

     Frame kaito_rifa_2_L_ude_2 {
      

      FrameTransformMatrix {
       0.922265,0.000001,-0.386559,0.000000,-0.000001,1.000000,0.000000,0.000000,0.386559,0.000001,0.922265,0.000000,3.866255,-0.000001,0.000000,1.000000;;
      }

      Frame kaito_rifa_2_L_ude_3 {
       

       FrameTransformMatrix {
        -0.992328,0.078348,-0.095641,0.000000,-0.052134,-0.966605,-0.250912,0.000000,-0.112106,-0.244001,0.963274,0.000000,3.097810,0.000058,-0.000517,1.000000;;
       }

       Frame kaito_rifa_2_L_yubi_1_1 {
        

        FrameTransformMatrix {
         0.701349,-0.159064,0.694845,0.000000,0.660216,-0.222557,-0.717344,0.000000,0.268747,0.961856,-0.051074,0.000000,-0.610738,0.077602,-0.423678,1.000000;;
        }

        Frame kaito_rifa_2_L_yubi_1_2 {
         

         FrameTransformMatrix {
          0.813102,0.318213,0.487449,0.000000,0.529132,-0.054953,-0.846758,0.000000,-0.242663,0.946425,-0.213059,0.000000,-0.301382,-0.050096,-0.068125,1.000000;;
         }

         Frame kaito_rifa_2_L_yubi_1_3 {
          

          FrameTransformMatrix {
           0.683502,-0.043471,0.728653,0.000000,0.089651,0.995667,-0.024695,0.000000,-0.724423,0.082203,0.684438,0.000000,-0.267627,0.040098,-0.049425,1.000000;;
          }
         }
        }
       }

       Frame kaito_rifa_2_L_yubi_2_1 {
        

        FrameTransformMatrix {
         -0.945380,-0.122066,0.302253,0.000000,0.300297,0.034562,0.953220,0.000000,-0.126802,0.991920,0.003982,0.000000,-1.199493,0.154681,-0.220384,1.000000;;
        }

        Frame kaito_rifa_2_L_yubi_2_2 {
         

         FrameTransformMatrix {
          -0.080908,-0.033905,-0.996145,0.000000,-0.084727,0.996038,-0.027019,0.000000,0.993114,0.082214,-0.083460,0.000000,0.343896,-0.000001,0.000003,1.000000;;
         }

         Frame kaito_rifa_2_L_yubi_2_3 {
          

          FrameTransformMatrix {
           0.527178,0.021588,-0.849481,0.000000,-0.045160,0.998976,-0.002639,0.000000,0.848554,0.039753,0.527613,0.000000,0.305740,-0.000001,-0.019433,1.000000;;
          }
         }
        }
       }

       Frame kaito_rifa_2_L_yubi_3_1 {
        

        FrameTransformMatrix {
         -0.947361,-0.246812,0.203939,0.000000,-0.079718,-0.435079,-0.896857,0.000000,0.310085,-0.865905,0.392501,0.000000,-1.177983,0.173339,0.008761,1.000000;;
        }

        Frame kaito_rifa_2_L_yubi_3_2 {
         

         FrameTransformMatrix {
          -0.247217,0.452104,0.857022,0.000000,-0.213429,0.837345,-0.503290,0.000000,-0.945162,-0.307335,-0.110514,0.000000,0.424074,-0.010233,0.087400,1.000000;;
         }

         Frame kaito_rifa_2_L_yubi_3_3 {
          

          FrameTransformMatrix {
           0.799638,0.202613,0.565268,0.000000,-0.203676,0.977068,-0.062093,0.000000,-0.564885,-0.065479,0.822567,0.000000,0.379600,0.014784,0.109683,1.000000;;
          }
         }
        }
       }

       Frame kaito_rifa_2_L_yubi_4_1 {
        

        FrameTransformMatrix {
         -0.806684,-0.561959,0.182930,0.000000,0.168881,0.077430,0.982591,0.000000,-0.566339,0.823533,0.032443,0.000000,-1.126663,0.158557,0.249682,1.000000;;
        }

        Frame kaito_rifa_2_L_yubi_4_2 {
         

         FrameTransformMatrix {
          0.230404,-0.151356,-0.961252,0.000000,0.128738,0.983888,-0.124063,0.000000,0.964541,-0.095165,0.246177,0.000000,0.420898,0.000003,-0.000006,1.000000;;
         }

         Frame kaito_rifa_2_L_yubi_4_3 {
          

          FrameTransformMatrix {
           0.667141,-0.082602,-0.740338,0.000000,0.103844,0.994442,-0.017376,0.000000,0.737658,-0.065287,0.672011,0.000000,0.366036,-0.000013,-0.062845,1.000000;;
          }
         }
        }
       }

       Frame kaito_rifa_2_L_yubi_5_1 {
        

        FrameTransformMatrix {
         -0.848502,-0.523087,0.080153,0.000000,0.145394,-0.084798,0.985734,0.000000,-0.508828,0.848050,0.148005,0.000000,-1.105857,0.097045,0.472053,1.000000;;
        }

        Frame kaito_rifa_2_L_yubi_5_2 {
         

         FrameTransformMatrix {
          0.698234,-0.232162,-0.677178,0.000000,0.269333,0.961643,-0.051980,0.000000,0.663272,-0.146092,0.733981,0.000000,0.293530,0.024187,-0.007468,1.000000;;
         }

         Frame kaito_rifa_2_L_yubi_5_3 {
          

          FrameTransformMatrix {
           0.884641,-0.147398,-0.442362,0.000000,0.113095,0.988219,-0.103112,0.000000,0.452349,0.041188,0.890889,0.000000,0.241964,0.038543,-0.116020,1.000000;;
          }

          Frame kaito_rifa_2_L_yubi_5_4 {
           

           FrameTransformMatrix {
            1.000000,0.000000,0.000000,0.000000,0.000000,1.000000,-0.000000,0.000000,-0.000000,0.000000,1.000000,0.000000,0.146256,0.017223,-0.103587,1.000000;;
           }
          }
         }
        }
       }
      }
     }
    }
   }
  }
 }

 Frame kaito_rifa_2_kaito1 {
  

  FrameTransformMatrix {
   0.393701,0.000000,0.000000,0.000000,0.000000,-0.000000,-0.393701,0.000000,0.000000,0.393701,-0.000000,0.000000,-0.954847,0.698375,-2.565088,1.000000;;
  }

  Mesh kaito_rifa_2_kaito1 {
   4335;
   1.891976;-4.753986;15.884282;,
   3.027598;-5.683454;17.570227;,
   3.081934;-4.753986;15.884282;,
   1.837640;-5.683454;17.570227;,
   1.896370;-5.311060;19.870886;,
   1.989773;-5.287835;19.814560;,
   1.984424;-5.314508;19.828354;,
   1.896493;-5.288424;19.844506;,
   2.059893;-5.317462;19.791901;,
   2.116778;-5.274883;19.719278;,
   2.108057;-5.328257;19.743526;,
   2.068004;-5.287330;19.769390;,
   1.632987;-5.434686;19.787859;,
   1.690402;-5.358480;19.823992;,
   1.693892;-5.369986;19.819477;,
   1.607616;-5.395852;19.785875;,
   2.136032;-5.299661;19.715568;,
   2.144283;-5.263405;19.728818;,
   2.180737;-5.280461;19.714813;,
   1.519600;-5.471312;19.774694;,
   1.562810;-5.406808;19.795238;,
   1.562233;-5.456145;19.774146;,
   1.784622;-5.326452;19.841022;,
   1.786461;-5.343047;19.842979;,
   1.896615;-5.265787;19.897808;,
   1.998897;-5.268538;19.871822;,
   1.997923;-5.255056;19.849683;,
   1.892016;-5.273301;19.924250;,
   2.084753;-5.257198;19.798082;,
   2.090503;-5.271355;19.816533;,
   1.660702;-5.349638;19.879914;,
   1.668526;-5.346933;19.855472;,
   1.557948;-5.432639;19.815782;,
   1.764374;-5.309712;19.912565;,
   1.770724;-5.304808;19.887211;,
   1.583550;-5.434165;19.761179;,
   1.604866;-5.473956;19.718789;,
   2.129956;-5.291151;19.650099;,
   2.954250;-5.311060;19.870886;,
   2.860848;-5.287835;19.814560;,
   2.954128;-5.288424;19.844506;,
   2.866197;-5.314508;19.828354;,
   2.790727;-5.317462;19.791901;,
   2.733842;-5.274883;19.719278;,
   2.782617;-5.287330;19.769390;,
   2.742564;-5.328257;19.743526;,
   3.217635;-5.434684;19.787859;,
   3.160218;-5.358480;19.823992;,
   3.243006;-5.395851;19.785875;,
   3.156729;-5.369986;19.819477;,
   2.714589;-5.299661;19.715568;,
   2.706338;-5.263405;19.728818;,
   2.669883;-5.280461;19.714813;,
   3.331023;-5.471310;19.774694;,
   3.288390;-5.456142;19.774146;,
   3.287811;-5.406807;19.795238;,
   3.065999;-5.326452;19.841022;,
   3.064160;-5.343047;19.842979;,
   2.954005;-5.265787;19.897808;,
   2.851724;-5.268538;19.871822;,
   2.958604;-5.273301;19.924250;,
   2.852697;-5.255056;19.849683;,
   2.765868;-5.257198;19.798082;,
   2.760118;-5.271355;19.816533;,
   3.189919;-5.349638;19.879914;,
   3.292674;-5.432638;19.815782;,
   3.182095;-5.346933;19.855472;,
   3.086246;-5.309712;19.912565;,
   3.079896;-5.304808;19.887211;,
   3.267073;-5.434162;19.761179;,
   3.245759;-5.473951;19.718789;,
   2.720665;-5.291151;19.650099;,
   2.140306;-5.118381;19.997578;,
   1.902793;-5.151263;20.093824;,
   2.174690;-5.108472;20.022411;,
   1.895916;-5.161172;20.061446;,
   1.607003;-5.282147;20.148118;,
   1.606929;-5.290282;20.128358;,
   1.899354;-5.161172;20.131362;,
   2.143745;-5.118381;20.079526;,
   1.607019;-5.298691;20.164666;,
   1.437728;-5.404863;20.167778;,
   1.430851;-5.394955;20.177806;,
   1.444605;-5.404863;20.184397;,
   2.140306;-5.148538;19.997578;,
   1.895916;-5.191330;20.061446;,
   2.174690;-5.138630;20.022411;,
   1.606929;-5.320440;20.128358;,
   1.437728;-5.435022;20.167778;,
   1.430851;-5.456304;20.177806;,
   2.143745;-5.148538;20.079526;,
   1.444605;-5.435022;20.184397;,
   1.899354;-5.191330;20.131362;,
   1.607019;-5.328849;20.164666;,
   2.710314;-5.118381;19.997578;,
   2.947828;-5.151263;20.093824;,
   2.954705;-5.161172;20.061446;,
   2.675930;-5.108472;20.022411;,
   3.243618;-5.282147;20.148118;,
   3.243692;-5.290282;20.128358;,
   2.951267;-5.161172;20.131362;,
   2.706876;-5.118381;20.079526;,
   3.243602;-5.298691;20.164666;,
   3.412893;-5.404863;20.167778;,
   3.419770;-5.394955;20.177806;,
   3.406016;-5.404863;20.184397;,
   2.710314;-5.148538;19.997578;,
   2.954705;-5.191330;20.061446;,
   2.675930;-5.138630;20.022411;,
   3.243692;-5.320440;20.128358;,
   3.412893;-5.435022;20.167778;,
   3.419770;-5.456304;20.177806;,
   2.706876;-5.148538;20.079526;,
   3.406016;-5.435022;20.184397;,
   2.951267;-5.191330;20.131362;,
   3.243602;-5.328849;20.164666;,
   2.062724;-5.317462;19.791901;,
   2.222865;-5.335890;19.732058;,
   2.153252;-5.316724;19.838918;,
   2.110904;-5.328257;19.743526;,
   1.696602;-5.372782;19.819477;,
   1.916907;-5.305357;20.013403;,
   1.624258;-5.409988;19.899837;,
   1.899147;-5.311060;19.870886;,
   1.635676;-5.467742;19.683606;,
   1.495585;-5.527228;19.798483;,
   1.495585;-5.557770;19.677406;,
   1.635676;-5.442498;19.787859;,
   1.686144;-5.419494;19.650350;,
   1.609148;-5.525744;19.526224;,
   2.060689;-5.327499;19.646162;,
   1.894622;-5.411789;19.492622;,
   2.150312;-5.333661;19.516971;,
   1.883723;-5.327874;19.635139;,
   2.103443;-5.328256;19.669963;,
   2.212085;-5.335890;19.569549;,
   2.222865;-5.536180;19.732058;,
   2.153252;-5.517013;19.838918;,
   1.916907;-5.505646;20.013403;,
   1.624258;-5.610277;19.899837;,
   1.495585;-5.744464;19.798483;,
   1.495585;-5.746258;19.677406;,
   1.609148;-5.610277;19.526224;,
   1.894622;-5.505647;19.492622;,
   2.150312;-5.533951;19.516971;,
   2.212085;-5.505021;19.569549;,
   2.119040;-5.662905;19.738042;,
   2.069303;-5.649210;19.814390;,
   1.900438;-5.641089;19.939058;,
   1.691344;-5.715846;19.857915;,
   1.599410;-5.811720;19.785501;,
   1.599410;-5.813002;19.698994;,
   1.680549;-5.715846;19.590976;,
   1.884515;-5.641090;19.566966;,
   2.067202;-5.661312;19.584363;,
   2.111338;-5.662905;19.621931;,
   1.907735;-5.723420;19.757341;,
   1.903364;-5.723883;19.653238;,
   2.787897;-5.317462;19.791901;,
   2.627755;-5.335890;19.732058;,
   2.739717;-5.328257;19.743526;,
   2.697368;-5.316724;19.838918;,
   3.154019;-5.372782;19.819477;,
   2.933714;-5.305357;20.013403;,
   2.951474;-5.311060;19.870886;,
   3.226363;-5.409988;19.899837;,
   3.214950;-5.467734;19.683606;,
   3.355038;-5.527224;19.798483;,
   3.214946;-5.442496;19.787859;,
   3.355045;-5.557758;19.677406;,
   3.164482;-5.419486;19.650350;,
   3.241490;-5.525720;19.526224;,
   2.789932;-5.327498;19.646162;,
   2.956011;-5.411772;19.492622;,
   2.966900;-5.327870;19.635139;,
   2.700312;-5.333656;19.516971;,
   2.747178;-5.328256;19.669963;,
   2.638537;-5.335889;19.569549;,
   2.627755;-5.536180;19.732058;,
   2.697368;-5.517013;19.838918;,
   2.933714;-5.505646;20.013403;,
   3.226363;-5.610276;19.899837;,
   3.355041;-5.744456;19.798483;,
   3.355047;-5.746240;19.677406;,
   3.241492;-5.610249;19.526224;,
   2.956013;-5.505625;19.492622;,
   2.700316;-5.533937;19.516971;,
   2.638539;-5.505014;19.569549;,
   2.731582;-5.662902;19.738042;,
   2.781318;-5.649210;19.814390;,
   2.950183;-5.641089;19.939058;,
   3.159278;-5.715843;19.857915;,
   3.251216;-5.811710;19.785501;,
   3.251221;-5.812984;19.698994;,
   3.170087;-5.715820;19.590976;,
   2.966117;-5.641068;19.566966;,
   2.783426;-5.661296;19.584363;,
   2.739288;-5.662894;19.621931;,
   2.942889;-5.723414;19.757341;,
   2.947264;-5.723866;19.653238;,
   2.841675;-5.335771;19.894408;,
   2.976757;-5.345927;19.965800;,
   2.855174;-5.325272;19.878184;,
   2.973277;-5.358852;19.988584;,
   3.098341;-5.382248;19.883006;,
   3.104878;-5.397442;19.899626;,
   3.111325;-5.405975;19.749347;,
   3.118932;-5.419297;19.750480;,
   3.071915;-5.403165;19.636138;,
   3.076275;-5.416754;19.621950;,
   2.976765;-5.380772;19.557096;,
   2.973286;-5.397102;19.536790;,
   2.881608;-5.358579;19.632357;,
   2.870287;-5.368495;19.617861;,
   2.842191;-5.342917;19.744006;,
   2.827623;-5.351043;19.744701;,
   2.979708;-5.343356;19.903774;,
   2.886653;-5.334799;19.835274;,
   3.072764;-5.378406;19.838970;,
   3.082701;-5.398021;19.748680;,
   3.052538;-5.396402;19.668810;,
   2.979712;-5.376651;19.618554;,
   2.906884;-5.362278;19.665915;,
   2.876716;-5.349758;19.744592;,
   2.981679;-5.366758;19.830694;,
   2.931318;-5.363166;19.793210;,
   3.032042;-5.386766;19.795206;,
   3.037420;-5.396135;19.748517;,
   3.021095;-5.395516;19.706218;,
   2.981682;-5.383875;19.673290;,
   2.942267;-5.377047;19.704654;,
   2.925941;-5.370016;19.746309;,
   2.982376;-5.389342;19.748003;,
   2.008945;-5.335771;19.894408;,
   1.873863;-5.345927;19.965800;,
   1.877344;-5.358852;19.988584;,
   1.995446;-5.325272;19.878184;,
   1.752280;-5.382248;19.883006;,
   1.745743;-5.397442;19.899626;,
   1.739297;-5.405977;19.749347;,
   1.731691;-5.419299;19.750480;,
   1.778711;-5.403172;19.636138;,
   1.774352;-5.416762;19.621950;,
   1.873863;-5.380783;19.557096;,
   1.877344;-5.397115;19.536790;,
   1.969015;-5.358582;19.632357;,
   1.980336;-5.368499;19.617861;,
   2.008429;-5.342917;19.744006;,
   2.022998;-5.351043;19.744701;,
   1.870913;-5.343356;19.903774;,
   1.963968;-5.334799;19.835274;,
   1.777856;-5.378406;19.838970;,
   1.767920;-5.398023;19.748680;,
   1.798086;-5.396407;19.668810;,
   1.870913;-5.376657;19.618554;,
   1.943738;-5.362280;19.665915;,
   1.973905;-5.349758;19.744592;,
   1.868941;-5.366758;19.830694;,
   1.919302;-5.363166;19.793210;,
   1.818579;-5.386766;19.795206;,
   1.813202;-5.396137;19.748517;,
   1.829527;-5.395519;19.706218;,
   1.868941;-5.383878;19.673290;,
   1.908354;-5.377048;19.704654;,
   1.924680;-5.370016;19.746309;,
   1.868249;-5.389343;19.748003;,
   2.170284;-5.952164;18.465506;,
   2.425964;-5.860454;18.203638;,
   2.236952;-5.965394;18.224712;,
   2.425929;-5.854663;18.337077;,
   2.007884;-6.134410;18.572606;,
   1.840073;-6.501834;18.254782;,
   1.862479;-6.390126;18.796877;,
   1.982516;-6.151956;18.252157;,
   2.425994;-5.896238;17.826389;,
   2.236952;-5.965394;18.224712;,
   2.425964;-5.860454;18.203638;,
   2.183590;-5.973980;17.826389;,
   1.982516;-6.151956;18.252157;,
   1.738614;-6.549271;18.046352;,
   1.840073;-6.501834;18.254782;,
   1.845222;-6.139305;17.889672;,
   2.185556;-5.948198;17.725746;,
   2.426085;-5.789885;17.633374;,
   1.525914;-6.025479;17.809931;,
   1.121808;-5.979362;17.855064;,
   1.139762;-6.623143;17.973453;,
   1.061755;-5.251948;13.411633;,
   1.673386;-4.957037;14.239040;,
   1.619442;-4.880984;13.411633;,
   1.024051;-5.245552;14.239040;,
   0.916169;-5.191384;15.141995;,
   0.256746;-6.469298;16.142469;,
   0.416328;-5.866737;16.312651;,
   0.673682;-6.152934;14.890795;,
   0.950214;-5.197581;14.899011;,
   1.220118;-5.641352;17.036272;,
   1.953387;-5.773848;17.569995;,
   1.773946;-5.498395;16.899373;,
   1.146673;-5.749687;17.542432;,
   2.106570;-7.518532;14.895786;,
   2.425310;-7.623676;15.365230;,
   2.092418;-7.582918;15.390011;,
   2.425310;-7.566568;14.897437;,
   2.223220;-7.110486;18.158909;,
   2.424726;-7.135564;18.257411;,
   2.245450;-7.040790;18.257414;,
   2.424653;-7.202698;18.158330;,
   2.245450;-7.040790;18.257414;,
   2.424909;-7.120791;18.691936;,
   2.200122;-7.008826;18.713747;,
   2.424726;-7.135564;18.257411;,
   1.986830;-6.830789;18.257410;,
   1.917539;-6.592404;18.766216;,
   1.913450;-6.666300;18.256096;,
   1.972613;-6.794634;18.735554;,
   1.789339;-6.734524;18.204352;,
   1.986830;-6.830789;18.257410;,
   1.913450;-6.666300;18.256096;,
   1.932469;-6.893748;18.197872;,
   1.655524;-4.948283;14.910573;,
   0.760196;-6.129943;13.411633;,
   0.759484;-6.118873;14.239040;,
   2.425310;-7.395687;13.411633;,
   2.425310;-7.414225;14.239040;,
   2.109663;-7.377842;14.239040;,
   0.976286;-7.017378;14.239040;,
   0.673682;-6.152934;14.890795;,
   0.759484;-6.118873;14.239040;,
   0.836040;-7.077974;14.881651;,
   1.644651;-4.949472;15.231014;,
   0.256746;-6.469298;16.142469;,
   0.261098;-7.048310;16.225115;,
   1.625568;-4.946203;15.566842;,
   1.043997;-5.147309;15.496914;,
   1.657151;-5.289628;16.482101;,
   0.708972;-5.554620;16.624720;,
   0.712832;-5.792770;17.488339;,
   0.642001;-6.046340;17.803357;,
   0.540701;-6.622401;17.985773;,
   2.425210;-7.682093;16.115541;,
   2.104187;-7.661152;16.138773;,
   2.425310;-4.805417;13.411633;,
   2.425310;-4.883952;14.239040;,
   2.425310;-4.886504;14.914840;,
   2.425310;-4.855926;15.341478;,
   2.425310;-4.820214;15.656910;,
   2.425367;-5.113390;16.355522;,
   2.426150;-5.673147;17.424816;,
   2.425937;-5.346800;16.876627;,
   1.605590;-6.483668;19.282595;,
   1.596877;-6.274982;19.069229;,
   1.713989;-6.313309;18.981498;,
   1.732341;-6.107743;18.793731;,
   1.575074;-6.111056;18.994611;,
   2.125917;-5.202181;19.882270;,
   2.305740;-5.229659;19.739557;,
   2.213151;-5.284668;19.727840;,
   2.251022;-5.102882;20.004648;,
   2.425325;-5.096788;18.981933;,
   2.338975;-5.121703;19.057453;,
   2.425321;-5.078208;19.032542;,
   2.339445;-5.114274;19.022883;,
   2.425310;-5.076007;19.982482;,
   2.425310;-5.189684;19.719418;,
   2.425436;-5.219589;18.670592;,
   2.314637;-5.165584;18.754040;,
   2.425348;-5.131664;18.738978;,
   2.311841;-5.244631;18.681619;,
   2.191522;-5.181786;20.393312;,
   1.838118;-5.324470;20.589355;,
   2.425310;-5.291490;20.605130;,
   1.867384;-5.239200;20.381373;,
   1.393286;-5.616351;20.320965;,
   1.452652;-5.429711;20.280155;,
   1.432732;-5.465982;20.226734;,
   1.430740;-5.512864;20.465731;,
   1.412812;-5.502251;20.173314;,
   1.362544;-5.758452;19.876894;,
   1.355085;-5.721900;20.173314;,
   1.419749;-5.551957;19.880046;,
   1.991166;-5.229346;18.954296;,
   1.942014;-5.301028;18.802597;,
   1.821776;-5.355683;18.847061;,
   2.050153;-5.207081;18.886122;,
   1.449028;-5.500811;19.437680;,
   1.381546;-5.748050;19.716840;,
   1.429603;-5.582965;19.726549;,
   1.386516;-5.729350;19.517386;,
   1.674249;-5.476889;18.875118;,
   1.792980;-5.685404;18.648189;,
   1.615203;-5.661878;18.900549;,
   1.864542;-5.495445;18.620509;,
   2.145769;-5.266845;18.703720;,
   2.057615;-5.282503;18.762557;,
   2.199070;-5.212083;18.757941;,
   2.034421;-5.291938;18.765688;,
   2.221673;-5.206894;18.791960;,
   2.077706;-5.272875;18.760832;,
   2.342686;-5.167060;18.801870;,
   2.425340;-5.132800;18.791731;,
   2.166616;-5.176576;18.814848;,
   2.325628;-5.096691;18.837235;,
   2.425334;-5.074624;18.826179;,
   2.425314;-4.969214;19.093963;,
   2.407991;-4.911287;19.127402;,
   2.425311;-4.899475;19.127403;,
   2.378896;-4.977345;19.102478;,
   2.425310;-5.181939;19.545851;,
   2.286330;-5.255772;19.569149;,
   2.425318;-5.041216;19.067566;,
   2.362472;-5.048157;19.089872;,
   2.326075;-5.058634;19.139272;,
   2.362703;-5.032658;19.207238;,
   2.425310;-4.879202;19.161864;,
   2.407258;-4.898432;19.150544;,
   2.425311;-5.006574;19.252651;,
   2.311700;-5.106022;18.893658;,
   2.425331;-5.073897;18.867650;,
   2.150647;-5.175528;18.831629;,
   2.322825;-5.348156;18.264211;,
   2.425811;-5.317528;18.362590;,
   2.425899;-5.315035;18.242834;,
   2.318741;-5.343997;18.381149;,
   1.957491;-5.384905;18.623325;,
   2.425977;-5.384426;18.202688;,
   2.318267;-5.413762;18.222982;,
   2.170284;-5.952164;18.465506;,
   2.077842;-5.543523;18.395562;,
   2.273185;-5.689184;18.351171;,
   1.949748;-5.923852;18.571130;,
   2.425929;-5.854663;18.337077;,
   2.425977;-5.707349;18.335650;,
   2.277001;-5.109030;19.139995;,
   2.348058;-5.096950;19.074928;,
   2.425310;-5.062184;19.322989;,
   2.324496;-5.108751;19.254949;,
   2.425319;-5.059712;19.050054;,
   2.425328;-5.093464;18.926078;,
   2.339647;-5.112429;18.952574;,
   1.507920;-5.500983;19.735531;,
   1.552130;-5.461882;19.624278;,
   2.030731;-5.333423;18.649931;,
   2.317407;-5.321564;18.520949;,
   2.425668;-5.304170;18.506154;,
   2.062724;-5.317462;19.791901;,
   2.149436;-5.303289;19.719778;,
   2.110904;-5.328257;19.743526;,
   2.081682;-5.282102;19.808160;,
   1.635676;-5.467742;19.683606;,
   1.579117;-5.471459;19.743696;,
   1.635676;-5.442498;19.787859;,
   1.613035;-5.466473;19.671363;,
   1.899147;-5.311060;19.870886;,
   1.900702;-5.281302;19.895947;,
   1.904331;-5.209099;19.994208;,
   1.896506;-5.167046;20.114075;,
   1.696602;-5.372782;19.819477;,
   1.682497;-5.356796;19.848630;,
   1.639128;-5.323661;19.977350;,
   1.601576;-5.315381;20.148213;,
   1.586180;-5.430405;20.526101;,
   1.594095;-5.358696;20.336654;,
   1.575925;-5.444541;19.794958;,
   1.479681;-5.454327;19.858683;,
   1.466268;-5.394221;20.173314;,
   1.686144;-5.419494;19.650350;,
   1.682755;-5.399386;19.629491;,
   1.712911;-5.322282;19.167546;,
   1.519370;-5.480791;19.195544;,
   1.676738;-5.327724;19.405205;,
   2.060689;-5.327499;19.646162;,
   1.881337;-5.310147;19.606587;,
   1.883723;-5.327874;19.635139;,
   2.065894;-5.300488;19.617702;,
   2.093392;-5.185901;19.180050;,
   1.873011;-5.237172;19.384680;,
   2.067212;-5.202252;19.369531;,
   1.898028;-5.220818;19.177226;,
   2.142076;-5.160274;18.993338;,
   2.179358;-5.143540;18.934685;,
   2.237192;-5.125409;18.882774;,
   2.247929;-5.120179;18.848432;,
   2.282043;-5.186958;18.800262;,
   2.225460;-5.176309;19.140717;,
   2.262236;-5.196935;19.315963;,
   2.113897;-5.170937;19.048077;,
   1.928035;-5.224697;19.033451;,
   1.744143;-5.342878;18.992557;,
   1.674846;-5.385139;19.580818;,
   1.875754;-5.296094;19.543006;,
   2.078037;-5.277300;19.551294;,
   2.167068;-5.280984;19.620832;,
   2.425310;-5.132624;20.391594;,
   2.103443;-5.328256;19.669963;,
   2.118029;-5.302184;19.656971;,
   1.363204;-6.113234;19.543602;,
   1.356452;-6.273468;19.711019;,
   1.339563;-6.113085;19.713349;,
   1.385785;-6.273634;19.561082;,
   1.457321;-5.664409;19.259277;,
   1.600409;-5.474456;19.001035;,
   1.541720;-5.658512;19.044242;,
   2.425310;-5.117796;19.393328;,
   2.268577;-5.236171;19.461405;,
   2.425310;-5.149868;19.469589;,
   2.269526;-5.183995;18.758638;,
   2.237893;-5.255715;18.695410;,
   2.185683;-5.332001;18.566467;,
   2.152130;-5.376045;18.481493;,
   2.095068;-5.455027;18.420187;,
   1.556608;-5.447892;19.807747;,
   1.673793;-5.350146;19.874466;,
   1.901430;-5.275322;19.915669;,
   2.090560;-5.269030;19.823037;,
   2.162224;-5.299552;19.721395;,
   2.127871;-5.297929;19.649717;,
   2.068331;-5.295682;19.587002;,
   1.878425;-5.312266;19.578925;,
   1.681167;-5.397596;19.604523;,
   1.586297;-5.465848;19.653550;,
   1.555030;-5.476721;19.741448;,
   1.525131;-6.274594;19.227576;,
   1.501071;-6.103436;19.147072;,
   1.433231;-6.274001;19.410315;,
   1.419076;-6.113715;19.345766;,
   1.876979;-6.112844;18.669834;,
   1.761050;-5.914922;18.705019;,
   1.592061;-5.921540;18.954912;,
   1.517880;-5.920022;19.104669;,
   1.435789;-5.917872;19.308059;,
   1.375216;-5.915602;19.530106;,
   1.362476;-5.913860;19.715254;,
   1.551652;-6.536500;19.417597;,
   1.555174;-6.536210;19.484490;,
   1.818491;-6.346654;18.893696;,
   2.425266;-7.121276;19.208350;,
   1.605590;-6.483668;19.282595;,
   1.749125;-6.623738;19.260835;,
   1.632701;-7.230544;13.411633;,
   1.667808;-7.277099;14.239040;,
   1.568098;-7.420742;14.891104;,
   1.281515;-7.531974;15.556018;,
   1.183742;-7.639114;16.375275;,
   2.094914;-7.659860;16.740851;,
   1.138605;-7.641866;16.908629;,
   0.835953;-7.473023;17.539576;,
   0.556154;-7.032242;17.884901;,
   0.526981;-7.435705;17.516971;,
   0.981666;-7.023105;17.939418;,
   0.468394;-7.529092;16.808741;,
   2.006018;-7.545314;12.093279;,
   2.425310;-7.419013;12.697340;,
   2.100467;-7.395106;12.699547;,
   2.425310;-7.548434;12.091070;,
   1.576221;-7.463494;12.092800;,
   1.678949;-7.304382;12.699066;,
   0.698342;-6.274013;12.083860;,
   0.959611;-7.066486;12.693422;,
   0.793902;-6.201882;12.690126;,
   0.883100;-7.128620;12.087154;,
   1.025059;-5.407031;12.682644;,
   0.890194;-5.488177;12.076376;,
   1.590024;-4.987566;12.067091;,
   1.630586;-4.950432;12.673357;,
   2.411683;-4.765330;12.061035;,
   1.630586;-4.950432;12.673357;,
   2.411683;-4.751203;12.667301;,
   1.590024;-4.987566;12.067091;,
   0.950436;-7.007661;13.411633;,
   0.887683;-7.424758;15.763645;,
   0.399357;-7.444604;16.424288;,
   0.760196;-6.129943;13.411633;,
   0.909213;-7.218250;17.827763;,
   1.927306;-6.851034;19.242275;,
   1.838204;-6.737415;19.251557;,
   2.425310;-5.269344;20.615725;,
   0.540701;-6.622401;17.985773;,
   1.139762;-6.623143;17.973453;,
   1.752465;-5.920143;18.150445;,
   1.171543;-6.495350;18.369010;,
   1.397485;-6.543368;18.437418;,
   1.537163;-5.863739;18.077131;,
   1.921983;-7.183842;18.439826;,
   2.424444;-7.492010;18.010677;,
   2.424654;-7.346266;18.419496;,
   1.827901;-7.427271;17.842515;,
   2.153095;-5.780534;17.822099;,
   1.967803;-5.694395;17.751811;,
   2.426085;-5.789885;17.633374;,
   2.426150;-5.673147;17.424816;,
   1.524919;-6.822842;18.402506;,
   1.395455;-6.795918;18.491085;,
   1.104130;-7.159295;18.491302;,
   1.120557;-6.836094;18.440390;,
   2.681359;-5.951087;18.465515;,
   2.614805;-5.964844;18.224718;,
   2.843448;-6.132664;18.572616;,
   3.010661;-6.500496;18.254784;,
   2.868846;-6.150819;18.252165;,
   2.988413;-6.387824;18.796883;,
   2.614805;-5.964844;18.224718;,
   2.668201;-5.973692;17.826395;,
   2.868846;-6.150819;18.252165;,
   3.112037;-6.548034;18.046352;,
   3.006104;-6.138385;17.889682;,
   3.010661;-6.500496;18.254784;,
   2.666280;-5.966320;17.729022;,
   3.325476;-6.023779;17.809947;,
   3.710770;-6.621608;17.973451;,
   3.729772;-5.977884;17.855088;,
   3.788865;-5.251948;13.411633;,
   3.177234;-4.957037;14.239040;,
   3.826570;-5.245552;14.239040;,
   3.231179;-4.880984;13.411633;,
   3.934452;-5.191384;15.141995;,
   4.176939;-6.152933;14.890795;,
   3.900407;-5.197581;14.899011;,
   4.594186;-6.469040;16.142475;,
   4.435904;-5.866187;16.312685;,
   3.631839;-5.639871;17.036302;,
   2.898535;-5.772863;17.570011;,
   3.705208;-5.748238;17.542464;,
   3.078049;-5.496464;16.899403;,
   2.744051;-7.518532;14.895786;,
   2.773126;-7.582909;15.390011;,
   2.626282;-7.109997;18.161810;,
   2.424726;-7.135564;18.257411;,
   2.424653;-7.202698;18.158330;,
   2.604199;-7.040282;18.275110;,
   2.604199;-7.040282;18.275110;,
   2.424909;-7.120791;18.691936;,
   2.424726;-7.135564;18.257411;,
   2.649838;-7.007677;18.713739;,
   2.863298;-6.829774;18.257405;,
   2.933044;-6.590204;18.766214;,
   2.877655;-6.792590;18.735546;,
   2.936994;-6.665167;18.256094;,
   2.936994;-6.665167;18.256094;,
   2.863298;-6.829774;18.257405;,
   2.917561;-6.892655;18.197867;,
   3.195097;-4.948283;14.910573;,
   4.090424;-6.129943;13.411633;,
   4.091136;-6.118873;14.239040;,
   2.740958;-7.377842;14.239040;,
   3.874334;-7.017378;14.239040;,
   4.014581;-7.077973;14.881651;,
   3.205970;-4.949472;15.231014;,
   4.587722;-7.047978;16.225075;,
   3.225056;-4.946200;15.566842;,
   3.806635;-5.131234;15.498901;,
   3.194583;-5.288345;16.482126;,
   4.143452;-5.553682;16.624763;,
   4.139274;-5.791794;17.488371;,
   4.209709;-6.045441;17.803382;,
   4.309799;-6.621636;17.985771;,
   2.746004;-7.660451;16.138765;,
   3.245100;-6.482554;19.282597;,
   3.136986;-6.311291;18.981504;,
   3.254121;-6.273242;19.069237;,
   3.118994;-6.105466;18.793747;,
   3.276173;-6.109232;18.994626;,
   2.724704;-5.202181;19.882270;,
   2.544881;-5.229659;19.739557;,
   2.599598;-5.102882;20.004648;,
   2.637469;-5.284668;19.727840;,
   2.511668;-5.121693;19.057453;,
   2.511202;-5.114262;19.022883;,
   2.536114;-5.165472;18.754042;,
   2.539093;-5.244325;18.681624;,
   2.659099;-5.181786;20.393312;,
   3.012503;-5.324470;20.589355;,
   2.983237;-5.239200;20.381373;,
   3.457335;-5.616351;20.320965;,
   3.397969;-5.429711;20.280155;,
   3.419881;-5.512864;20.465731;,
   3.417889;-5.465982;20.226734;,
   3.437808;-5.502251;20.173314;,
   3.488080;-5.758448;19.876894;,
   3.430873;-5.551956;19.880046;,
   3.495536;-5.721900;20.173314;,
   2.859652;-5.229094;18.954299;,
   2.909226;-5.300212;18.802610;,
   2.800691;-5.206801;18.886125;,
   3.029580;-5.354726;18.847077;,
   3.401628;-5.500770;19.437680;,
   3.469085;-5.748036;19.716840;,
   3.464150;-5.729288;19.517386;,
   3.421024;-5.582956;19.726549;,
   3.177311;-5.475648;18.875139;,
